HE1991	HE1992	HE1993	HE1994	HE1995	HE1996	HE1997	HE1998	HE1999	HE2000	HE2001	HE2002	HE2003	HE2004	HE2005	HE2006	HE2007	HE2008	HE2009	HE2010	HE2011	HE2012	HE2013	HE2014	HE2015	HE2016	HE2017
42.1488	38.1671	36.8510	37.8063	37.4756	35.8783	36.4858	37.0525	35.7771	35.3000	34.3118	34.4760	33.5637	32.3531	31.5805	30.5020	28.7377	27.3248	28.0408	27.8617	26.9567	27.6698	27.4851	27.0087	28.2272	27.7972	26.9600
34.8914	35.6924	36.5674	37.0688	36.1332	36.3239	35.9526	37.9316	36.2594	34.2000	34.3704	33.7677	32.6537	30.9193	28.8044	27.9090	27.2223	25.5450	29.3947	28.8064	28.6470	28.3795	28.0142	28.5970	32.4231	32.8786	32.0174
50.7016	51.4805	50.0965	51.4548	51.9941	48.5821	51.9315	50.2280	52.6581	48.8000	46.4285	47.3394	47.1746	45.4632	43.8406	42.0377	40.4995	37.6840	39.8650	39.1863	36.8830	36.0555	36.2938	35.2409	38.8052	40.5672	39.1108
25.5834	24.5650	26.8614	26.2659	26.2977	24.8703	25.0449	24.3783	25.9153	25.4000	26.4311	28.5017	27.7897	26.9934	26.2787	25.7498	24.8548	23.7558	25.3474	23.3271	21.4892	22.0125	22.1549	23.0503	22.4276	22.3068	20.8513
48.0824	48.6549	47.4036	43.4697	45.2366	46.1662	45.7808	45.6228	46.6409	46.6000	45.8343	44.4483	43.1884	43.6468	42.3435	41.9932	39.3351	36.1855	41.7891	40.4954	38.9085	36.5131	36.1609	35.9462	38.3705	36.6590	34.4722
14.3949	15.1521	14.8942	14.2184	13.5949	13.5849	12.9559	12.8889	13.4266	13.1000	12.7975	12.7590	12.4469	12.2282	12.1479	11.6117	11.1374	10.3197	10.9243	11.0529	10.1018	9.7609	9.7744	9.4019	10.5370	11.8357	11.6170
8.6093	8.6193	9.1392	9.0413	8.7393	8.8324	8.9352	8.8406	8.9617	8.8000	8.6025	8.3627	8.0163	7.6231	7.6417	7.2800	6.4409	6.3846	7.8436	7.6194	6.9113	7.0332	6.9513	6.5651	7.3213	7.4229	7.0533
59.3348	55.8431	62.0580	64.9009	58.3366	59.7606	58.3744	60.7474	60.4226	60.6000	58.7302	57.0375	55.5855	54.6304	52.4493	50.8908	49.1433	45.6031	49.2511	47.4712	44.1344	43.5871	42.3756	42.6503	48.1292	49.8231	48.6005
33.7312	33.8868	33.3457	34.2475	33.5028	33.1206	28.9488	27.8292	27.0813	26.2000	27.0089	26.1522	26.4281	26.2909	25.1384	25.1267	24.5679	25.6055	28.3420	28.2629	28.6931	27.9810	27.8479	27.1136	27.3699	27.6243	27.9658
20.0297	20.0902	19.9774	19.8257	19.7716	19.9588	19.5223	20.3147	19.9399	18.4000	18.8542	18.5642	18.1234	16.8992	16.0539	15.7958	15.1202	14.1759	16.3589	15.8517	14.5631	14.4397	13.8949	14.0623	15.4431	15.5870	15.1302
35.0769	35.8640	36.8931	36.7422	35.2305	35.4961	35.4764	36.1787	35.5980	35.6000	34.6909	35.6589	36.2513	36.0715	35.0173	34.9403	33.8916	32.1154	31.5750	30.9883	29.0847	29.4334	28.5872	27.6206	26.9185	26.5567	25.8580
52.8569	46.4712	46.5676	47.6537	50.8064	49.9368	49.4130	48.1803	49.5580	48.1000	49.7574	50.0026	49.1420	47.4354	47.2396	45.0883	42.3699	37.7307	40.5302	38.6544	34.5145	33.5220	33.2802	33.0793	37.7632	39.2310	37.5432
20.6713	20.3533	20.9111	20.3745	19.5872	19.9104	19.9457	20.2505	19.8937	19.9000	20.0574	20.1325	19.3969	18.2598	18.1067	17.6706	16.0592	15.5499	17.4238	16.8767	15.9600	16.7462	16.5542	15.9442	17.1987	16.8999	16.4585
56.9246	51.5511	53.1721	53.2968	51.3532	49.9086	51.2264	49.8733	47.9046	43.8000	45.1494	45.9742	45.3845	44.7109	44.2595	41.8187	42.5636	41.8035	46.0020	44.9713	42.8444	41.4008	41.2313	41.1228	41.0015	43.9268	43.7489
56.1952	56.2165	53.9263	55.5116	52.5431	50.9850	52.3780	49.9661	49.4638	50.2000	51.1268	49.9680	50.6487	49.9763	50.1529	50.3789	46.5602	45.6871	48.9806	48.9437	48.2877	47.2965	43.9017	39.9687	47.5820	44.8531	41.5316
28.8038	28.4707	28.2535	27.7602	26.0725	29.5891	29.3053	28.4899	27.7630	29.4000	29.1454	28.9797	28.1008	26.9816	26.4959	25.7797	23.6163	23.5708	24.9222	23.0591	22.2229	22.2526	21.6391	20.9832	20.5512	20.5980	19.0144
66.1963	67.0313	67.9634	68.0021	67.3554	64.8797	67.0366	65.0870	68.9725	67.1000	70.5210	69.3392	69.9386	69.1351	67.4619	63.3251	61.6427	57.9530	61.6695	58.0755	54.4512	52.0179	51.1179	50.6877	57.0955	58.2195	55.7753
30.3961	30.8313	31.0724	37.3935	39.5399	35.8173	34.3637	32.4749	32.7840	34.1000	33.5864	37.8725	35.7458	33.4573	32.7050	31.5820	31.2572	30.0139	32.4177	31.8695	30.5273	30.9492	29.7457	29.3455	30.1354	28.9133	26.8642
33.1821	34.3930	35.2475	35.3178	34.8384	34.5662	33.2604	34.5191	33.4539	33.4000	33.3944	33.5174	30.8339	29.0744	28.4311	28.1018	26.8617	27.3381	29.0434	26.1114	23.2851	22.5944	23.0547	22.7754	25.3360	25.5619	26.0072
40.0349	40.3693	40.5367	38.3724	41.4737	40.5949	39.9147	40.7165	41.2237	39.8000	39.9384	40.5205	39.9366	38.4720	38.4653	37.3385	35.9154	33.5803	35.0624	30.7928	28.1607	29.1042	29.3430	29.8504	33.6445	34.5626	33.7864
30.7424	30.7368	31.5608	32.5978	30.7457	29.1701	30.1082	32.9362	32.6741	31.1000	31.9660	31.3087	30.2187	29.6357	28.1369	27.1959	27.6917	23.9570	27.0732	26.2513	22.1350	21.5311	22.6790	24.9422	29.7549	30.3034	30.2065
34.7643	34.9397	34.6196	33.6172	32.5967	32.7542	30.7463	34.7648	34.4882	35.3000	34.7400	33.9888	34.0540	32.1110	30.7628	29.5709	26.5912	25.5085	26.3898	26.1639	24.3812	24.5445	24.8017	24.1743	24.8973	24.0139	22.8963
39.2228	41.9396	41.5903	43.5933	42.2099	43.0740	42.0827	41.2944	39.2160	41.4000	43.3388	41.3798	39.1441	38.0989	37.0329	37.1751	37.1508	34.0198	33.6664	31.8858	29.5766	29.2557	30.5348	31.3859	33.9925	33.9568	33.1117
32.7793	36.5898	38.3853	37.3136	37.3472	41.4600	38.5834	39.2845	40.3644	39.5000	39.4563	39.6862	40.7429	40.4748	36.4533	34.9683	36.7228	35.1494	35.9302	35.5095	34.7247	34.5905	34.5193	34.3640	34.5998	36.3509	32.7055
39.0287	40.0825	41.3472	40.2395	40.1780	36.6909	38.9691	36.7820	36.9137	36.1000	35.0857	35.7030	35.8605	34.9399	34.1961	30.4159	28.0053	26.1401	28.6392	29.0134	27.4269	27.3909	27.3903	27.5196	29.3299	28.6487	27.3127
49.5653	51.5140	54.4300	57.9498	54.1578	55.5361	54.4458	52.7142	51.6207	50.1000	49.7158	54.0535	53.1521	49.4994	45.3796	42.1943	40.0941	48.3651	47.9113	47.8510	47.0334	46.2863	47.0647	46.2824	47.3635	49.7064	40.7791
34.2658	34.1902	35.0028	33.5134	33.6863	34.5088	32.2936	32.2152	33.6519	32.8000	33.3910	33.0241	32.1175	31.0641	30.3158	28.9468	27.5638	26.5620	28.9672	28.5952	27.8462	28.2840	27.7361	26.4366	28.9486	29.3109	28.0022
16.4783	16.5854	16.2669	15.6404	15.0375	14.8933	14.0945	14.0488	13.6282	13.4000	13.5801	13.9569	13.6802	13.0912	12.6594	11.9844	11.6073	11.4785	13.1664	12.2057	11.6834	11.5765	11.5193	11.0609	12.1170	12.3482	12.0403
37.2700	37.5724	38.9058	41.9923	39.2235	39.9056	39.2582	39.3814	42.6964	42.6000	42.9559	41.8561	41.0552	40.9849	39.4251	38.0073	36.5002	35.4131	35.3235	34.6584	32.8452	32.8975	38.8069	36.2292	35.6633	35.9472	34.4665
46.4477	46.6437	47.4069	47.2842	46.5584	46.1678	46.7909	45.6830	47.0036	46.2000	46.3196	41.6797	43.9477	40.7547	39.2544	38.3511	37.9849	36.9577	38.5457	37.0759	35.7847	36.0608	36.2016	34.4057	38.0225	39.9170	39.3275
18.6530	18.5347	18.8010	18.5957	17.9857	18.9237	18.4276	19.0177	19.3233	18.9000	18.9935	18.8902	18.4603	17.1794	16.4001	15.3892	14.9507	14.9278	16.6801	15.2158	14.1418	14.0706	14.3229	14.7778	15.8927	16.9047	16.7755
15.6793	15.7618	15.5270	15.3518	14.9121	14.8502	15.0253	15.5452	16.3737	16.5000	16.0497	15.6132	14.8987	14.0590	14.0256	13.8978	13.2006	12.5516	12.7639	12.0886	11.8446	11.9454	11.6111	10.9683	11.4765	11.2722	11.0669
37.1314	37.3846	36.3920	36.1067	36.1332	37.9658	38.1356	39.0377	40.0876	39.1000	37.8748	38.5353	36.8431	36.2729	33.6897	31.8744	31.3374	28.9213	31.4124	29.8656	25.7428	25.2241	25.7597	25.9720	28.6472	30.0254	29.9425
34.0398	33.4431	33.9676	37.8790	36.1042	36.3004	37.5251	38.1227	37.5845	39.6000	38.1057	37.0641	34.4933	33.3584	33.1106	32.3633	32.1660	29.1700	29.4908	28.5446	26.4197	26.4982	25.6065	25.5915	29.0512	30.1001	27.9100
48.4335	50.0168	48.4474	54.6800	54.5151	55.0928	56.2858	56.3998	56.5258	48.0000	55.4251	54.9128	53.2221	53.1251	51.8161	50.8726	47.9814	46.6589	48.9581	46.0275	44.9506	45.0430	43.0864	41.6605	43.3727	44.4742	43.0216
54.7427	54.7442	56.3660	52.2978	49.9566	48.5757	51.2496	54.1713	49.6183	48.2000	48.9091	49.7676	47.7828	46.5279	45.1336	42.2938	43.4497	38.3408	41.5647	37.8162	35.1332	37.6944	37.2294	37.4597	43.7283	43.7408	42.2180
26.0355	24.9672	24.8725	25.0598	24.6244	24.3722	23.9261	22.7944	24.0976	23.9000	24.7332	24.3043	23.9365	23.7746	23.1650	22.9447	22.6926	22.0699	23.7396	23.4493	23.1135	22.3561	22.1939	21.9638	21.7094	21.3880	21.2420
43.8761	44.0700	43.6574	42.7006	39.4629	38.4852	42.0601	40.6261	41.4921	43.2000	42.8127	41.5914	41.6325	40.3345	39.3284	38.4639	37.6574	35.5704	35.2317	34.6367	34.4516	34.2340	33.1679	31.7019	32.9950	33.6420	33.6995
27.6158	28.6563	29.5846	31.4328	34.3887	33.7549	31.8988	33.2689	33.3781	32.0000	30.4406	29.7864	27.8824	26.5822	25.8392	25.0694	23.5676	21.5522	24.3856	24.6060	23.7230	24.5733	23.9737	23.8326	24.7041	23.6121	22.6516
34.5450	34.0171	33.6013	33.0363	26.7762	27.4621	28.4583	29.3869	29.3782	28.7000	29.4172	29.9005	30.0098	27.8378	27.4934	26.6824	24.6608	23.1431	26.0140	25.9736	26.2199	27.1157	27.0188	25.5612	26.5622	26.6683	25.2197
18.5606	17.7237	17.8269	17.9042	16.8872	16.3896	16.8260	16.1451	16.7327	16.8000	16.2166	16.9975	17.1819	15.8527	15.0763	14.3008	13.0035	12.0872	13.8233	13.5188	12.4026	12.5213	12.7036	12.0956	12.2481	12.2560	11.7401
15.2763	15.0273	15.8019	15.0844	14.3432	14.5995	14.3300	14.6285	14.5604	14.6000	14.5474	14.5856	13.9228	13.1591	12.5811	11.8357	11.1530	10.9276	13.2765	12.9950	12.0138	12.4373	11.9050	11.1430	12.0036	12.0957	11.6950
34.6685	32.3813	32.4833	32.4181	32.2637	31.7427	32.4958	31.7324	32.3912	32.1000	32.9499	33.1426	32.4234	32.1954	31.5045	30.9838	30.3945	30.3143	31.7577	30.3359	29.2333	28.9937	28.5951	27.9705	28.6025	27.4910	27.4857
37.5007	36.4899	37.0347	36.6265	36.3743	35.2824	36.0708	35.5113	37.4818	34.4000	35.0603	34.5545	34.9299	34.0999	32.9674	32.3463	31.7893	30.7853	33.9311	31.8434	30.0069	29.6657	29.1846	29.1907	31.0396	31.3335	30.5941
36.1636	35.1953	35.1320	35.2835	35.3133	34.3989	36.1336	35.5953	36.5671	35.1000	35.8906	37.6477	37.6417	37.0059	36.2746	35.4258	32.7513	30.0986	31.0392	30.5097	31.2562	29.8664	30.3273	30.9665	30.2511	30.0214	30.6570
51.2668	50.4989	48.9404	47.8913	46.7912	48.4149	46.1819	46.6757	46.7699	46.3000	46.4018	45.6509	44.5533	43.5680	43.4440	43.0243	42.0525	41.3568	44.6601	43.2205	40.8178	40.1831	39.5612	38.5598	38.8336	39.1108	39.1540
35.0584	35.2608	36.2431	34.9724	35.4195	34.2198	34.2666	35.7702	33.7784	32.8000	32.5615	32.8888	32.0862	31.3849	28.6591	29.0421	26.7218	23.9027	27.5648	26.3763	25.9535	26.0446	28.0788	29.1048	33.9559	35.6441	35.0998
35.9506	40.2467	39.8665	38.7566	39.8104	36.7457	36.7368	38.1586	41.7196	40.3000	39.3551	38.6619	38.6398	36.3035	36.9101	36.0403	35.8610	35.7770	31.8550	30.5713	26.5382	39.3456	39.4207	37.5740	37.2741	36.7285	35.8826
22.5119	23.7140	28.2283	28.4046	29.1364	28.9616	26.7844	26.8042	27.2801	27.7000	26.8363	26.7253	25.9973	24.7142	23.7225	22.3314	20.9636	21.1116	24.1493	22.7096	20.1254	19.9718	19.6422	19.2672	21.0417	20.9172	20.1085
35.4362	34.7831	35.5706	36.4168	36.1691	36.4847	35.9609	37.0446	39.1237	40.3000	38.7009	39.7869	40.3181	38.4745	37.8392	36.0203	34.5149	33.2941	32.8906	33.4800	31.7392	29.4031	29.5806	28.0397	27.1617	26.9798	26.8537
34.6558	34.8768	35.1726	32.1382	31.1927	29.9551	31.6937	33.0769	31.1685	33.6000	33.9411	32.6207	30.6137	27.9883	26.6742	27.2737	26.6372	27.6279	30.1323	29.6372	27.8993	27.5007	26.9075	24.9030	25.2868	24.4076	23.3842
14.3892	14.6675	14.7098	14.0364	13.1955	13.4686	13.0784	12.6924	12.6525	12.5000	12.5792	12.7468	12.0935	11.5028	11.3019	10.8633	10.1127	9.6614	11.3117	11.1474	10.5507	11.1185	11.0944	10.5790	11.5115	11.4062	10.7764
14.1245	14.2191	15.2744	14.8791	14.2408	14.2616	14.6014	14.0158	13.9598	13.8000	13.7284	14.4721	13.6112	12.5509	12.4507	11.7727	10.8228	10.1300	12.1253	11.7667	11.1482	11.7066	11.6357	11.3568	12.2288	12.1766	11.7151
54.1251	55.1584	56.8349	52.2868	51.7999	50.7351	50.3145	54.7947	52.5819	48.0000	57.8186	56.1223	56.0874	54.1435	49.6755	50.3206	48.8348	43.9689	51.6421	46.6514	42.2571	44.6211	45.7448	48.5906	52.6164	53.8937	52.0938
43.9230	44.5819	44.6698	43.9273	43.1137	41.5928	44.3377	41.7173	44.1744	45.1000	48.7986	48.8847	48.1913	45.7523	45.7755	45.8639	44.3665	44.3555	45.5212	45.6042	46.4376	45.4637	42.5487	45.2959	45.7745	45.3260	43.9843
64.3960	64.2107	62.5637	61.3957	67.8171	68.7874	67.2442	69.0647	68.1388	67.3000	66.7134	66.9095	65.5447	65.5012	65.1956	62.1553	62.0179	60.8240	62.8423	59.7514	54.8943	52.4737	51.2343	50.3834	53.4684	53.3697	51.5002
12.9919	13.0542	13.3270	13.0522	12.4683	12.9838	12.9073	12.6783	12.7650	12.9000	12.7171	12.8095	12.2104	11.2012	10.9400	10.0390	8.8953	8.7243	11.0446	10.5567	9.4658	9.8524	9.9083	9.1951	10.2316	10.7010	10.3721
44.7921	46.8047	48.2726	47.7363	46.4331	46.5167	45.1169	45.1002	44.1066	41.9000	42.5425	42.8407	43.6021	44.1830	46.1254	39.7781	38.5550	38.0221	37.7842	35.7277	38.4858	36.2114	31.9078	34.2684	33.9133	33.1610	31.7736
27.5910	26.9302	27.6641	27.1521	27.2385	26.2652	26.8683	26.3733	26.5723	26.1000	26.6395	26.4490	24.6986	23.2243	23.5417	22.5233	20.9159	19.7120	22.8425	23.0669	23.0168	24.3484	23.7054	23.5653	25.2814	25.4206	24.7679
56.1830	56.0007	55.7887	54.5767	53.5766	54.4272	52.3139	52.5936	53.0917	51.5000	53.7564	52.4683	53.1234	50.5160	50.4492	49.5191	48.8418	48.2468	50.1903	48.1989	46.6140	46.7984	46.7299	44.7751	43.4493	43.3652	42.0241
38.0707	37.5966	37.6455	37.7593	37.1854	37.4981	37.5906	37.5288	38.5333	39.7000	40.0141	38.9129	38.5116	38.2645	39.4233	36.7859	32.8612	32.0863	33.8811	34.3984	34.8407	33.1818	33.7560	33.1200	33.5057	31.7970	30.6643
38.2379	37.4049	38.1871	37.1809	37.1833	38.6906	35.6246	40.1610	37.3428	39.6000	38.8225	38.7287	38.5420	36.7649	36.9382	35.7274	32.7478	30.3343	30.8452	31.4540	27.6315	32.0206	30.4430	31.9520	30.1496	29.0769	26.9180
32.1021	31.6379	31.5308	31.7887	31.5420	30.8754	31.8072	31.6865	32.4634	33.6000	33.8482	33.9928	34.8031	34.4620	34.6515	30.5829	29.3094	29.3215	29.0305	27.7234	26.8794	25.4882	26.1419	26.6767	26.3679	24.7721	24.5137
55.4749	59.8662	54.6987	62.7420	56.0890	61.3687	57.8161	56.1878	53.9052	55.4000	57.6678	59.9821	57.9878	54.0928	54.7108	53.4428	55.6638	51.2252	51.1979	49.2326	48.4387	48.2697	47.4805	46.7280	47.2543	47.8813	47.1681
52.7017	52.7589	51.7787	50.6065	49.3990	48.7680	47.8324	47.9151	49.2843	49.6000	50.4395	50.0021	49.3972	47.5024	47.2068	47.3284	46.7043	46.1398	49.1188	46.7094	43.3791	44.4692	45.8262	42.8759	41.4879	42.5779	40.9862
17.0665	16.7952	16.3099	15.9398	15.9067	16.2227	15.3093	16.4436	16.5867	16.6000	16.7073	17.0535	16.9668	16.2786	15.3505	14.8172	14.2199	14.1173	14.6545	13.8426	13.2085	13.0536	12.7906	12.4035	12.2987	12.3873	11.8325
29.0593	29.2487	30.1151	28.8900	27.2240	26.2886	26.1664	25.5463	25.6986	25.1000	25.0931	24.4647	24.1502	22.6336	22.2773	21.5264	19.6593	18.9489	21.1730	20.7364	19.6863	20.3620	19.8891	19.7772	20.7889	20.5496	19.7610
14.3319	14.5737	15.0224	14.8483	14.7016	14.6323	14.3284	14.1591	14.2686	14.3000	14.6599	14.7629	14.2504	13.1446	12.1181	12.0355	10.8778	11.9585	13.8810	13.5101	12.9146	12.9362	12.6650	12.1299	12.2177	11.6018	10.7806
27.2961	26.9656	27.1292	26.1408	26.0563	25.0923	26.5025	26.9046	27.7897	26.7000	27.1603	26.4631	25.1754	24.0290	23.0694	21.6602	20.8992	21.5911	22.8028	21.0778	20.6106	20.1486	19.7078	19.5215	19.5748	18.9867	18.5317
26.7908	26.8554	26.5333	25.5599	24.9402	24.1132	23.9707	22.2761	24.2485	23.7000	23.9951	25.0962	25.6180	25.0555	24.5316	24.5072	23.7452	22.9456	24.2560	22.0605	20.7983	20.8509	21.1799	21.0212	22.0774	21.5517	20.5222
14.2600	14.1648	20.1726	20.4064	20.4887	19.5101	19.5302	19.9829	19.5207	18.9000	19.3940	18.2833	17.5631	17.0874	17.0236	17.0192	15.3551	15.0053	15.8208	15.0506	13.6644	13.1825	14.3978	15.6109	17.2086	16.5773	15.9108
15.6890	15.6335	15.5928	15.3544	14.7840	14.6794	14.1962	13.7904	13.4481	13.4000	13.2493	13.2107	13.0058	12.5002	12.1537	11.7661	11.3703	11.8009	12.5633	12.2800	11.9550	12.0392	11.7129	10.9617	9.5277	9.6734	9.5824
25.8767	25.0947	24.7826	24.2643	24.2271	23.4026	24.0208	23.7909	23.2794	21.9000	23.1540	23.6046	23.4822	22.1169	21.6391	21.0215	20.0052	19.0400	20.4808	19.1704	17.7185	18.3284	17.7089	17.1162	17.6189	17.6468	17.0132
25.7904	25.1411	26.2194	25.1567	23.1127	21.9484	23.1423	22.3076	22.9528	22.7000	23.6961	23.0099	22.0262	21.0523	21.2364	20.5224	18.4452	18.0849	21.1823	20.7678	18.8969	20.0020	20.0059	19.6857	20.8616	20.6119	19.8210
38.8281	36.6651	37.9124	35.1037	34.5448	35.7256	36.1340	36.4030	36.2279	36.4000	36.4029	36.2465	36.5424	34.1968	34.2898	32.5309	32.1583	31.0330	35.3845	34.4875	32.5107	32.5875	32.6081	31.9175	31.4544	31.7478	29.8654
12.7354	12.2678	11.4721	10.7608	9.8613	10.9618	11.6737	12.4501	11.7091	11.2000	12.3261	12.9994	12.3665	11.4940	11.5243	11.5712	11.5239	10.6682	11.0270	9.9902	9.2837	9.1504	10.6529	10.7596	11.6684	11.1073	10.7775
19.9053	19.1789	19.2502	19.5231	19.4202	19.5318	19.8384	19.6717	19.7984	19.4000	19.3079	19.5330	18.8106	17.6967	16.7189	16.6322	15.9726	14.2996	15.8690	15.4664	15.1440	14.6179	14.4263	14.0553	14.4364	14.8674	14.8604
45.5757	45.3051	44.9995	42.4568	45.1470	45.8762	44.6041	44.0057	43.6121	43.2000	44.3095	43.0916	42.3937	41.6248	39.9723	38.3170	37.4386	34.7196	37.9308	35.4985	32.8621	33.1965	31.1089	32.3020	35.6072	37.7352	35.8009
35.7554	35.2806	33.2696	33.6158	32.9024	34.1364	34.2322	35.5974	35.2132	34.3000	34.7541	35.7278	36.2681	35.3045	34.0893	31.4073	30.8659	30.8093	31.2213	29.6629	28.7040	27.4473	27.3257	25.9000	26.6678	25.9990	24.4101
29.2818	29.3244	28.9973	28.1351	27.0503	27.4858	27.0479	29.4443	28.1918	27.5000	28.0897	27.6144	27.6110	26.4376	25.6137	25.4293	24.0062	25.0840	26.0684	24.1152	22.8611	23.0705	22.9612	22.4687	23.2137	22.6645	21.8139
22.5280	20.2598	19.5194	19.1714	20.7377	20.0444	20.4182	20.7398	21.0702	20.1000	20.6639	20.6020	19.7246	18.8484	17.2669	16.3536	15.7929	14.4634	17.2913	16.7320	15.2630	14.9389	15.5080	16.5777	18.8989	19.3878	18.8899
40.5752	40.4499	40.6532	40.4605	41.0747	38.7030	38.8551	38.4052	40.9358	41.2000	40.1316	39.7349	37.6972	37.9309	37.6831	36.8305	33.6818	31.3800	33.3927	33.0020	30.3843	30.9204	28.8013	27.9564	30.4253	30.6260	28.9570
33.7616	33.2915	32.8271	32.2293	32.2194	32.2109	32.2046	31.1796	31.4480	30.6000	30.7220	32.1526	32.2035	31.2116	31.0291	29.3721	28.9382	27.6834	30.5332	28.4999	27.1014	26.3205	26.5842	24.8384	25.1245	24.3043	23.7065
19.4128	22.5089	23.5247	23.3698	27.8400	27.3342	26.4078	27.1127	26.9202	26.7000	25.9046	26.0653	25.3658	24.1429	22.7681	21.5707	19.7984	19.4537	21.2696	20.7730	19.2763	18.7403	18.3821	17.9303	19.1172	18.8283	18.0152
37.2286	37.1666	36.2720	36.0584	35.1156	34.1517	34.7426	33.8578	34.6760	34.1000	34.8854	34.1444	34.1370	31.6879	31.8689	32.4919	31.3215	29.4139	28.1282	27.2249	27.0959	27.3368	27.6149	28.1944	28.7324	28.8709	28.5984
31.8767	31.2204	31.3305	31.3774	31.0971	30.6290	31.1665	31.0409	31.9541	31.3000	32.1723	31.7138	30.0707	28.8702	28.2182	27.9523	29.6744	29.2912	29.9486	27.9814	25.9004	26.7401	27.7104	27.8315	27.8218	28.5498	26.4854
40.7963	43.7883	45.2751	45.9451	46.2135	47.0448	44.2337	43.9694	42.5921	43.2000	42.0538	41.2140	42.2998	41.4913	41.3268	39.2315	39.7604	42.3691	42.2356	40.8721	39.8903	38.9403	39.3696	38.1823	38.5888	38.3257	38.6365
36.7662	37.2309	36.9356	37.7524	38.6686	38.2768	37.9818	39.4003	36.3214	35.1000	36.7818	37.9587	35.4358	34.0604	31.0129	29.2814	26.8535	22.5231	29.4983	27.3851	35.8139	26.4759	29.1942	33.7352	37.0363	39.1111	36.9519
21.7232	23.6959	25.3491	26.9237	31.5448	31.6272	30.8664	31.5633	31.1470	31.1000	29.8376	29.5906	28.4632	27.4984	26.4272	25.6067	23.7542	22.4538	25.1953	24.0633	21.9912	21.4558	20.4757	19.9781	21.2798	20.9674	19.6557
10.7129	10.9001	10.8499	10.4905	10.5052	10.8005	10.7799	10.4796	10.0746	9.8000	10.3301	10.2480	10.1548	9.7857	9.7640	9.0893	8.0673	7.9082	9.2053	8.8445	8.3779	9.0158	8.6909	7.8815	8.4869	8.7482	8.7684
42.3881	41.4954	40.8046	39.8111	39.2149	41.6662	40.3403	40.2190	39.4663	39.6000	40.3065	40.5306	39.1666	36.4998	38.8917	38.3839	39.3858	34.4900	37.0924	39.0789	37.6488	37.8500	38.5034	37.4221	39.1442	38.2780	38.1247
37.4075	38.2249	38.5726	43.3781	40.6157	38.5632	38.2346	39.1934	38.2605	40.3000	39.6246	36.7271	35.6489	34.7298	34.4787	34.8843	33.7145	32.3252	32.6037	30.6192	29.7270	32.5032	33.2010	32.2423	33.1131	33.9230	33.8667
37.1606	36.1670	35.2345	33.8670	32.8990	30.7061	31.0584	31.6335	31.7723	31.1000	32.7544	33.4204	32.8646	31.3945	29.8342	29.1113	28.8129	28.4194	31.1973	28.7143	28.0295	28.4214	28.4379	26.8992	29.2685	28.8164	28.3556
31.1103	30.9238	31.4204	30.9613	30.7383	29.5523	30.4890	30.0385	30.6901	30.3000	30.1534	29.8431	29.2063	29.0364	31.3513	32.0718	28.0661	25.4601	27.3999	26.8819	25.7332	26.1487	25.7302	24.8577	25.4008	25.0250	24.9389
41.7017	41.8718	41.3542	39.4815	37.9345	39.3104	38.8669	44.6156	41.3410	42.3000	40.0579	39.8463	38.2324	38.3042	36.6337	34.8263	34.5790	33.1091	34.7419	34.1485	34.8457	33.3208	32.6845	32.2342	33.5610	33.3814	33.0778
28.8719	28.9715	30.2514	30.1744	28.0343	29.5963	28.4868	28.3348	27.6304	27.1000	28.5465	27.8090	26.9216	27.1368	25.8120	25.0954	23.2463	23.1690	23.9788	23.5416	23.1499	23.7653	22.5766	21.8813	21.4783	20.1458	18.6164
34.4230	34.3555	35.0073	33.8280	32.8752	32.3764	33.7630	35.4708	36.6518	36.1000	37.0413	37.9801	38.2037	36.4867	34.4190	32.2425	32.1086	30.5943	31.5742	29.4575	27.2043	27.2779	27.1859	28.9380	30.5688	30.7854	29.4731
23.2844	23.0218	23.8445	24.3289	23.6167	23.2614	23.0353	22.0339	23.0123	23.1000	22.5492	22.8260	22.4584	22.3652	22.0546	21.5354	19.0849	17.8438	20.8417	19.9885	18.2071	17.7699	19.5497	19.4711	20.7160	21.5032	20.9519
35.8069	35.7986	33.6244	33.5442	34.5841	33.9836	32.1546	32.1556	31.6004	30.1000	30.4776	30.2046	31.3238	29.8370	28.6878	28.1104	27.6851	28.1264	31.3617	29.1934	27.7228	27.6779	27.4439	26.6182	28.0199	28.8023	28.0621
37.8222	38.7571	38.7550	39.8062	47.8365	46.6907	48.7004	46.6471	45.6296	45.1000	44.3206	46.7091	45.3401	42.2638	41.8671	43.4858	41.7860	39.8004	43.2692	40.1963	37.0502	36.7619	35.5058	34.6542	37.5590	38.1763	35.6944
18.3883	19.8357	19.2245	20.7633	18.6740	18.7524	18.5982	18.6219	18.7796	18.4000	18.9280	18.1586	17.7124	17.5262	17.4327	17.3126	17.1158	16.6303	17.2400	16.1510	14.0225	14.0015	14.1774	14.1352	14.9929	15.1732	14.4594
36.4906	37.0485	38.7904	37.8620	37.6673	34.3660	36.9867	34.6191	36.6493	36.4000	37.4599	36.4077	35.1141	34.0771	34.3343	33.0988	31.0603	28.3215	30.4703	29.7878	29.1719	30.5855	30.1144	29.2538	30.4203	30.2897	29.2458
40.7790	43.5277	44.4150	46.4186	42.1165	40.9851	40.4597	40.5662	39.9999	40.3000	41.4759	39.3360	39.2243	38.1331	36.9280	36.4110	35.2844	33.2475	34.4749	35.1118	32.4935	30.0207	31.2730	31.2634	34.6332	39.4859	37.2068
50.8341	50.0330	50.0165	49.5120	48.7727	48.8355	48.0993	47.9447	46.4511	52.6000	52.6849	52.6428	51.3405	51.8271	50.9579	50.0895	48.3887	47.3407	46.5243	43.8427	41.5376	41.1163	40.7871	40.2586	41.3676	39.9842	36.3576
31.8443	32.1404	31.9033	30.8398	30.9913	30.7118	31.0584	31.0852	31.6548	31.4000	31.4139	30.3157	29.0330	28.4547	27.7296	25.9840	25.9310	23.3595	24.3824	24.4061	22.8855	23.0545	24.2693	24.7512	25.1023	24.5291	24.4388
40.7923	38.8329	38.9165	37.6827	37.9588	36.8750	36.7434	37.0538	38.2930	36.8000	36.3169	37.5447	38.2447	37.7597	38.0745	36.7467	36.7839	36.4925	37.8508	35.4795	33.7435	34.7255	32.7161	32.0292	32.0192	33.9759	31.0840
11.3759	11.3268	11.4948	11.2793	10.8097	10.8039	10.6320	10.5699	10.4042	10.5000	10.5080	10.7802	10.4106	9.7933	9.5586	9.4011	8.8138	8.4046	9.4206	9.3840	8.8743	9.1136	8.9532	8.5797	9.0123	9.0948	8.8200
13.1719	12.9559	12.4701	11.7661	11.6749	11.6605	11.8061	12.1316	11.7243	11.5000	11.2536	11.4157	11.1207	10.7491	10.9936	11.2937	10.7289	10.8924	11.6872	11.0380	10.3481	10.3546	9.9120	9.4563	10.0241	10.0979	9.7203
50.8377	50.3814	50.2600	46.0596	45.4874	44.0622	44.4648	44.0947	44.0113	45.2000	43.8685	44.0908	43.0408	43.3281	41.6696	42.4149	41.2966	39.8534	40.8490	39.9440	37.3360	36.4045	35.6643	35.1744	35.1156	34.0822	33.8351
40.1278	42.5107	43.7492	43.3237	40.8569	39.5292	41.5427	40.5735	43.3624	41.9000	40.4907	40.1838	41.8126	41.8106	40.8009	39.5290	39.0703	37.4869	36.8635	34.0074	33.6842	34.0043	33.3526	34.0547	37.6796	37.9657	36.7390
60.1544	60.6912	62.8506	64.0458	60.3560	59.9235	57.7716	60.3930	60.8094	57.9000	58.2016	59.5822	57.6381	61.4144	59.1265	54.2441	56.2511	53.7758	56.6887	53.2165	50.1813	49.8557	49.7354	47.5970	51.7904	54.8966	53.8099
14.0621	14.6794	14.7627	14.4824	14.1116	13.4850	13.0316	13.5803	13.7669	12.7000	12.9093	14.1877	13.9643	12.6320	11.7520	10.7844	10.3318	9.3635	12.4104	11.7268	10.8663	10.8151	10.8989	11.0548	12.4954	13.0856	12.7213
20.7237	20.4274	20.6672	20.6920	20.5805	19.5138	19.7024	20.0498	19.9222	18.9000	19.4559	19.5631	18.9777	18.3314	17.8492	16.9185	15.8939	12.6170	15.6863	14.0600	13.4777	13.3045	13.6652	14.7648	17.3473	18.4314	17.3800
39.3272	37.6488	37.4925	37.6748	36.7494	35.7026	36.7581	36.6473	36.9642	36.8000	35.2878	35.4763	34.3344	34.4520	32.8423	32.9891	32.8761	32.0702	32.9275	31.7585	30.8714	31.1726	31.1680	30.6259	30.6349	31.6819	30.1060
39.3382	38.9912	39.1215	36.4174	35.9554	35.5616	37.0250	36.4015	36.4034	36.1000	36.4011	36.4214	36.5718	34.7511	36.6197	33.9413	33.3125	32.8647	33.0951	31.7732	29.7603	28.4197	29.1339	27.7987	28.8718	29.0772	28.7268
35.5939	36.8462	36.1021	35.5441	35.3760	36.2066	37.6049	38.0443	39.0433	39.8000	39.2034	39.0089	38.1038	37.0117	36.8426	36.1189	34.4841	31.8291	34.5771	32.2179	30.9930	33.0336	31.0553	30.6965	32.5838	32.2740	30.9853
57.6388	57.6549	57.8686	57.7507	57.7806	58.1151	57.4283	59.0292	59.9911	59.9000	59.8848	58.2149	58.1653	56.0835	56.5681	54.1327	52.0911	49.7598	51.7454	47.2304	44.3749	43.5927	44.0320	45.5503	46.9425	47.3097	45.8862
45.7747	44.8352	44.9142	44.9907	44.6992	42.7733	44.9553	44.8896	44.7817	43.3000	43.7133	42.4938	42.3321	41.0444	39.5899	39.1226	38.4921	37.6378	40.2340	38.0628	36.9693	37.4542	36.4241	35.2385	35.4503	35.3771	34.8934
29.6756	29.9109	29.7835	29.2226	27.7373	27.0261	26.9179	25.9061	26.5771	26.2000	26.4357	26.0908	25.8864	25.3125	24.5805	23.9843	22.5064	20.8903	22.2529	21.4614	19.9747	20.2661	19.8637	19.3938	20.2412	20.3786	19.8524
21.9620	21.5376	22.4599	22.1426	21.2549	20.8330	21.2555	20.7050	21.0618	21.4000	21.8364	21.2177	20.5712	19.8598	20.0058	19.6263	18.0387	17.1803	19.1196	18.5821	17.6269	17.7051	17.4963	16.7018	17.4252	17.1488	16.1200
21.1318	20.8674	20.9818	21.9583	21.0515	21.8316	20.7285	20.9048	20.2757	19.0000	18.5986	18.7897	18.3906	17.7642	16.6409	15.8285	15.4881	14.5932	16.8800	15.8471	13.8337	13.0783	13.4752	13.9122	16.2906	16.8261	16.5707
33.7003	31.8145	31.1131	31.9627	30.3466	29.5693	30.2481	30.1371	33.5167	34.4000	33.0139	32.4908	32.6736	30.7364	31.0017	29.6704	27.0767	25.4855	27.4080	26.4857	24.3934	25.0805	23.7316	23.2466	23.6948	23.8154	22.9629
43.1362	35.2086	43.6198	44.4106	44.1379	44.9001	46.3237	44.9619	40.5021	41.9100	41.9174	42.9269	42.8170	40.8631	39.9662	39.3454	37.7446	35.8629	40.4073	36.7327	32.5603	32.4840	32.4506	33.0197	37.0068	38.4266	36.4910
37.0260	37.5695	37.1628	35.4454	36.7210	37.8919	35.1420	36.5440	39.4660	40.3000	39.9334	40.6669	40.1222	39.0260	38.1451	37.1120	34.8609	32.2303	31.8892	31.4145	29.7765	29.1252	28.6263	28.6049	27.9837	28.5187	27.6964
19.3559	18.6693	18.5414	18.5262	18.1424	17.8279	18.2691	19.0974	18.5813	18.4000	18.4653	18.3432	17.4164	16.8175	15.7431	15.1251	14.2608	12.8520	15.0236	13.7933	12.7004	12.2388	12.6881	13.3930	15.6169	14.7890	15.0913
44.0164	43.7173	45.3336	45.5852	44.1111	45.5378	46.2760	44.7961	45.4013	45.1000	45.6555	43.8941	42.4534	40.3809	39.1892	39.6365	38.8595	36.8218	40.5097	41.1300	39.2727	38.2702	37.5766	40.6736	43.1731	43.2980	36.7666
43.3163	42.6779	44.0572	43.6077	43.0271	44.9283	44.3004	44.9787	46.7379	48.6000	45.9968	46.6001	44.0722	42.9462	42.0125	41.3893	39.6424	39.2282	39.9986	39.2153	36.1095	32.9907	29.1149	28.4182	34.0522	36.5691	35.4372
13.2634	13.0409	12.9334	12.2383	11.7726	12.3993	12.0730	13.1724	12.6695	13.1000	13.6433	13.8740	13.1658	12.0280	11.4552	11.2390	10.6642	10.7417	11.4414	10.5064	9.6572	9.3843	9.7526	9.5717	10.3196	10.5026	10.1672
18.8681	19.7708	19.3846	18.1789	17.8332	18.7556	17.7140	18.3490	17.4674	17.6000	17.3460	17.3311	16.6655	15.2949	14.8557	14.4092	13.2345	12.5648	14.3224	13.8836	12.9483	13.0880	12.8863	12.9261	13.5882	13.1934	13.0654
25.1091	27.2479	27.9433	26.8278	25.0369	24.5476	24.7884	23.5638	24.7008	25.2000	25.5724	25.0185	24.1927	23.1309	22.8718	21.7908	19.1616	18.2695	21.3496	21.8528	20.9274	21.7089	20.8332	19.6913	20.6754	20.2121	19.0404
33.0019	33.3807	33.1085	30.1490	30.7522	28.8939	28.6528	29.5826	31.1762	33.4000	34.5869	35.7765	35.6145	35.6625	36.0519	35.8236	33.2896	30.7979	31.8584	29.5934	26.4815	25.4395	25.1089	25.1516	26.0955	25.3509	24.5106
29.5095	29.5926	30.3784	30.3419	27.7818	29.6402	29.1447	28.6322	29.0543	28.4000	29.0561	29.4159	28.4755	26.6909	26.1569	22.7994	22.4889	23.4708	25.5641	23.6742	21.8750	23.3013	24.1084	24.6806	26.0035	27.2589	26.8704
25.0810	25.2177	26.3689	25.6853	24.7541	23.7025	24.2068	23.3178	23.4988	22.7000	23.1986	22.6747	21.4388	20.8949	20.5853	19.9449	18.7037	18.5618	21.2785	21.3453	20.6239	21.3068	21.1098	20.8686	21.9467	21.2802	20.3212
47.9796	47.3258	46.5455	46.4126	47.1186	45.8873	46.0830	45.4716	45.2753	44.6000	45.8657	46.3886	46.0512	45.8512	46.2096	46.9560	46.5981	46.7536	48.9179	41.0426	38.9150	38.2541	38.2873	37.3273	36.9074	36.6025	35.4665
45.0034	44.4660	43.0637	41.5819	42.4323	42.4701	42.0612	42.2731	40.4430	39.8000	40.4366	39.8233	38.9960	38.5186	37.9307	37.1232	35.8726	33.4531	34.8088	32.9012	31.6461	30.7208	30.2696	30.7004	32.0531	35.2623	35.7040
43.7849	42.3872	44.4169	43.9832	42.1281	43.0083	44.8789	44.6881	44.7848	41.4000	41.5639	41.3215	39.6266	40.5178	39.3770	38.7116	38.9370	40.5045	40.4113	37.5240	35.4952	35.2333	36.1978	36.5522	38.9829	41.5647	39.2551
13.8260	14.3583	15.2118	14.3280	13.2524	13.4738	13.1126	13.2566	12.9581	12.6000	12.7768	13.0928	12.4440	11.4355	11.3995	10.7052	9.6366	9.5229	11.4919	10.2867	9.5320	10.2278	10.2339	10.1254	10.6656	10.8667	10.7486
7.3495	7.6140	7.5558	7.4256	7.1099	7.1564	7.1408	6.8431	6.9856	6.8000	6.9498	7.0851	7.0024	6.6246	6.4060	6.0548	5.4807	5.2586	5.9651	5.5835	5.1454	5.3308	5.2722	5.1339	5.3840	5.4283	5.4333
21.7487	20.9403	20.2568	20.4410	20.8106	19.3313	19.2562	19.2937	19.2545	19.3000	19.3347	18.7490	19.6445	19.0503	17.6458	16.5405	16.1296	19.4106	18.2510	18.4598	18.6674	19.1424	19.5686	19.3476	19.4453	20.0230	20.0200
43.7228	42.4169	40.8614	39.0581	38.0862	37.9585	36.6712	36.5720	34.1930	33.6100	34.1064	33.3527	32.4460	30.5083	29.5485	28.9701	27.3239	35.7476	34.4365	33.7221	33.4808	33.5107	33.4925	32.2891	32.5599	32.7343	32.7556
39.0389	47.7416	47.8086	46.2846	45.1673	46.7868	45.0885	44.9552	43.9326	43.2000	43.1528	42.7679	41.6117	42.3898	42.5948	40.4557	38.3801	36.8966	39.1614	37.9820	37.4043	35.3149	34.9231	34.0088	36.9793	38.6790	40.3697
67.0250	66.9027	65.5060	64.2517	60.3781	59.6969	59.8247	57.7405	58.6536	58.3000	58.1483	58.4932	57.7769	58.1912	56.5307	57.5598	55.5836	51.7445	54.0145	51.6248	49.9666	49.1494	47.1506	45.3926	47.1888	47.1070	46.9243
54.2838	54.1030	54.0355	52.9754	51.5246	50.0538	53.0593	54.0941	55.4416	52.6000	54.5666	52.8444	52.3546	51.0491	50.1929	49.1499	48.0100	46.5976	49.7622	46.4437	44.7457	43.7386	42.9886	44.1978	45.0190	44.2550	41.8961
36.4612	34.7996	39.2755	39.1224	36.9258	35.3723	35.5007	35.0351	35.7208	35.1000	35.8419	34.0429	33.2748	33.6486	33.8542	33.5709	33.7862	30.5437	30.7004	29.7663	28.6958	29.9078	29.2305	28.7469	30.3999	31.5692	32.0845
39.8851	40.3785	40.1713	38.7005	39.0383	37.8573	38.6276	36.7176	37.7128	34.4000	36.0058	34.9606	33.8569	32.9579	32.0539	32.2438	31.2132	28.9401	32.8626	31.7136	30.1539	30.1350	29.2661	28.8876	29.8886	31.7423	31.4035
40.0497	38.5531	39.0776	38.3955	37.4309	37.5308	37.8787	38.1071	37.4092	38.4000	37.0505	37.8137	36.7758	34.0399	33.5691	32.0284	29.5345	26.4360	29.4081	28.5392	30.4079	30.8774	31.4963	31.1765	34.3261	35.5565	35.5807
34.9708	35.1968	34.7651	33.4688	31.8757	32.3450	31.7392	31.2167	33.2896	32.1000	32.8061	32.9090	31.3524	29.7657	28.7603	28.9095	28.1493	26.8962	30.5928	28.4788	26.1805	26.5337	25.8373	26.2080	27.7426	29.1429	28.6149
40.9851	41.7572	42.7555	42.4238	40.0198	40.3980	40.7561	41.3928	40.9424	43.1000	42.7979	43.6723	42.7809	41.2822	40.3378	38.4186	36.3011	33.4586	31.5578	30.9015	31.8963	28.3742	28.0834	27.9515	28.7825	29.4159	29.8011
48.6760	49.2106	48.5048	50.5566	50.8936	52.1563	55.7227	55.7459	51.1167	52.2000	49.5641	48.5086	47.6532	44.5247	44.2413	42.8661	39.0102	34.9314	42.8750	40.9769	36.7027	36.3284	36.2663	39.6300	43.5750	42.9697	42.2997
29.8585	30.1019	30.4458	30.2102	29.4396	28.1429	28.4528	29.6451	29.3427	26.4000	27.5158	27.0403	26.3377	24.8884	23.4952	22.5427	22.1663	20.6725	26.1283	25.8627	23.1450	22.0318	21.5362	20.7746	23.0778	22.6648	22.1144
12.7003	12.7146	12.5996	12.2524	11.4975	11.3238	10.8336	10.6495	10.8185	10.8000	10.9712	11.0519	10.7546	10.3803	10.2554	9.4167	9.0730	9.4390	10.7023	10.2610	9.8605	9.7322	9.4942	8.7412	9.1572	9.7332	9.4237
9.4667	9.3038	9.0810	8.7815	8.5451	8.4845	8.0549	7.9170	7.7860	7.6000	7.7969	8.0658	7.9250	7.8449	7.4091	7.0871	6.9774	7.0443	7.7788	7.3767	6.9749	6.6575	6.5541	6.1326	6.0671	5.8955	5.6935
48.4110	47.1252	47.6305	46.2440	45.9077	47.6474	43.3573	43.3264	45.7380	46.1000	46.8121	47.9141	46.3970	44.3828	43.4491	42.7257	41.9436	40.2414	41.5424	38.7608	36.9034	37.3501	36.9233	36.2727	37.8601	40.1788	39.6900
36.2141	36.1514	36.1518	35.9547	35.8992	33.1967	37.5862	37.6987	38.3397	36.0000	38.2424	37.3614	37.4896	35.4199	33.3287	32.9130	32.4168	30.5181	33.0620	29.2983	31.2142	29.7026	29.7205	28.7086	33.6551	34.7646	35.4047
21.2731	20.1001	20.8216	21.0124	20.8867	20.5879	20.4664	20.0677	19.6547	19.2000	19.2377	19.2718	18.9844	18.7271	17.6035	17.5912	17.0575	16.4692	16.6923	16.3892	15.6269	15.2063	14.8090	14.1799	14.0237	13.1876	12.5279
29.6528	29.7983	30.4724	31.0506	29.0941	28.4465	28.7134	29.4056	28.3777	27.4000	27.4110	27.9849	26.7274	25.6615	24.8182	24.5157	23.9724	23.3787	24.3634	23.0863	23.2896	22.9002	21.8050	21.4586	22.0663	25.3622	26.6131
55.7080	49.5118	50.9526	48.5702	48.9820	51.9329	51.0002	51.6332	50.0561	48.9000	48.9236	48.4858	49.4367	49.1872	49.8949	47.6320	45.6049	41.8942	44.6327	38.1362	35.5858	34.6767	32.5401	34.7088	38.2643	40.3869	39.2781
55.6552	60.1239	57.2130	56.8073	56.3820	53.2367	54.0153	53.7802	57.8369	59.4000	58.1750	58.8759	59.4646	60.1197	58.1480	54.4471	53.7335	51.9281	53.4737	50.9589	49.4555	47.9764	46.9991	47.3766	46.5313	46.5178	45.9507
