OLDTR OLDARD  OLDPR  OLDSP D72 D73 D74 D75 D76 D77 D78 D79 D80 D81 D82 D83 D84
3000  12292.0 48700 .16690 0   0   0   0   0   0   0   0   0   0   0   0   1 
 312    220.0 11000 .01964 1   0   0   0   0   0   0   0   0   0   0   0   0 
 806    775.7 22000 .02577 0   1   0   0   0   0   0   0   0   0   0   0   0 
 806    775.7 12500 .02577 0   0   1   0   0   0   0   0   0   0   0   0   0 
 806    775.7 12500 .02577 0   0   0   1   0   0   0   0   0   0   0   0   0 
 806    775.7 12500 .02577 0   0   0   0   1   0   0   0   0   0   0   0   0 
 806    775.6 38500 .04901 0   0   0   1   0   0   0   0   0   0   0   0   0 
 806    775.6 27500 .04901 0   0   0   0   1   0   0   0   0   0   0   0   0 
 312    220.0  9000 .01855 1   0   0   0   0   0   0   0   0   0   0   0   0 
 312    220.0  9000 .01855 1   0   0   0   0   0   0   0   0   0   0   0   0 
 312    775.7 22000 .02235 0   1   0   0   0   0   0   0   0   0   0   0   0 
 312    775.7 12000 .02235 0   0   1   0   0   0   0   0   0   0   0   0   0 
 312    775.7 12000 .02235 0   0   0   1   0   0   0   0   0   0   0   0   0 
 312    775.7 11000 .02235 0   0   0   0   1   0   0   0   0   0   0   0   0 
3000  12939.2 60650 .15957 0   0   0   0   0   0   0   0   0   0   0   1   0 
1198   4191.0 37750 .07125 0   0   0   0   0   1   0   0   0   0   0   0   0 
1198   4191.0 37750 .07125 0   0   0   0   0   0   1   0   0   0   0   0   0 
1198   4191.0 37750 .07125 0   0   0   0   0   0   0   1   0   0   0   0   0 
1198   4191.0 30200 .07125 0   0   0   0   0   0   0   0   1   0   0   0   0 
1198   4191.0 30200 .07125 0   0   0   0   0   0   0   0   0   1   0   0   0 
1198   4191.0 36610 .07125 0   0   0   0   0   0   0   0   0   0   1   0   0 
3000  12939.2 68200 .15957 0   0   0   0   0   0   0   0   0   0   0   1   0 
 312    220.0 38250 .03778 1   0   0   0   0   0   0   0   0   0   0   0   0 
 806    775.7 51940 .04892 1   0   0   0   0   0   0   0   0   0   0   0   0 
 806    775.7 52033 .04892 0   1   0   0   0   0   0   0   0   0   0   0   0 
 806    775.7 52900 .04892 0   0   1   0   0   0   0   0   0   0   0   0   0 
 885   1691.0 28000 .05353 0   0   1   0   0   0   0   0   0   0   0   0   0 
 885   1691.0 26600 .05353 0   0   0   1   0   0   0   0   0   0   0   0   0 
 885   1691.0 25200 .05353 0   0   0   0   1   0   0   0   0   0   0   0   0 
 885   1691.0 25200 .05353 0   0   0   0   0   1   0   0   0   0   0   0   0 
 885   2694.0 49500 .05353 0   0   0   0   1   0   0   0   0   0   0   0   0 
 885   2694.0 49500 .05353 0   0   0   0   0   1   0   0   0   0   0   0   0 
 885   2694.0 47531 .05353 0   0   0   0   0   0   1   0   0   0   0   0   0 
 885   2694.0 34320 .05353 0   0   0   0   0   0   0   1   0   0   0   0   0 
 885   2694.0 31680 .05353 0   0   0   0   0   0   0   0   1   0   0   0   0 
 885   2694.0 31741 .05353 0   0   0   0   0   0   0   0   0   1   0   0   0 
1198   3071.0 49500 .05719 0   0   0   0   1   0   0   0   0   0   0   0   0 
1198   3071.0 49500 .05719 0   0   0   0   0   1   0   0   0   0   0   0   0 
1198   3071.0 47530 .05719 0   0   0   0   0   0   1   0   0   0   0   0   0 
1198   3071.0 34320 .05719 0   0   0   0   0   0   0   1   0   0   0   0   0 
1198   3071.0 31680 .05719 0   0   0   0   0   0   0   0   1   0   0   0   0 
1198   3071.0 31741 .05719 0   0   0   0   0   0   0   0   0   1   0   0   0 
1198   3071.0 32940 .05719 0   0   0   0   0   0   0   0   0   0   1   0   0 
1859   7705.0 25204 .06415 0   0   0   0   0   0   0   0   1   0   0   0   0 
1859   7705.0 27818 .06415 0   0   0   0   0   0   0   0   0   1   0   0   0 
1859   7705.0 28963 .06415 0   0   0   0   0   0   0   0   0   0   1   0   0 
1859   7705.0 26600 .06415 0   0   0   0   0   0   0   0   0   0   0   1   0 
1859   7705.0 26600 .06415 0   0   0   0   0   0   0   0   0   0   0   0   1 
1859   9707.0 31859 .06628 0   0   0   0   0   0   0   0   0   1   0   0   0 
1859   9707.0 32839 .06628 0   0   0   0   0   0   0   0   0   0   1   0   0 
1859   9707.0 28770 .06628 0   0   0   0   0   0   0   0   0   0   0   1   0 
1859   9707.0 28770 .06628 0   0   0   0   0   0   0   0   0   0   0   0   1 
3000  12192.0 81157 .16021 0   0   0   0   0   0   0   0   0   1   0   0   0 
3000  12192.0 83662 .16021 0   0   0   0   0   0   0   0   0   0   1   0   0 
3000  12192.0 71600 .16021 0   0   0   0   0   0   0   0   0   0   0   1   0 
3000  12192.0 69136 .16021 0   0   0   0   0   0   0   0   0   0   0   0   1 
 806    775.7 21060 .02645 1   0   0   0   0   0   0   0   0   0   0   0   0 
 806    775.7 31060 .02645 0   1   0   0   0   0   0   0   0   0   0   0   0 
 806    775.7 31060 .02645 0   0   1   0   0   0   0   0   0   0   0   0   0 
 806    775.7 22480 .02645 0   0   0   1   0   0   0   0   0   0   0   0   0 
 806    775.7 22480 .02645 0   0   0   0   1   0   0   0   0   0   0   0   0 
 806    775.7 22480 .02645 0   0   0   0   0   1   0   0   0   0   0   0   0 
 885   1690.8 20200 .06180 0   0   0   0   1   0   0   0   0   0   0   0   0 
 885   1690.8 20200 .06180 0   0   0   0   0   1   0   0   0   0   0   0   0 
 885   2705.3 42075 .05353 0   0   0   0   0   0   1   0   0   0   0   0   0 
 885   2705.3 38600 .05353 0   0   0   0   0   0   0   1   0   0   0   0   0 
 885   2705.3 31680 .05353 0   0   0   0   0   0   0   0   1   0   0   0   0 
 885   2705.3 31680 .05353 0   0   0   0   0   0   0   0   0   1   0   0   0 
 312    220.0 15000 .01451 1   0   0   0   0   0   0   0   0   0   0   0   0 
 806    775.7 51940 .05289 1   0   0   0   0   0   0   0   0   0   0   0   0 
 806    775.7 51940 .05289 0   1   0   0   0   0   0   0   0   0   0   0   0 
 806    775.7 38000 .05289 0   0   1   0   0   0   0   0   0   0   0   0   0 
 806    775.7 39500 .05289 0   0   0   1   0   0   0   0   0   0   0   0   0 
 806    775.7 39500 .05289 0   0   0   0   1   0   0   0   0   0   0   0   0 
 806    775.7 36250 .05289 0   0   0   0   0   1   0   0   0   0   0   0   0 
 312    220.0  9000 .02045 1   0   0   0   0   0   0   0   0   0   0   0   0 
 806    775.7 25920 .02643 1   0   0   0   0   0   0   0   0   0   0   0   0 
 806    775.7 19350 .02643 0   1   0   0   0   0   0   0   0   0   0   0   0 
 806    775.7 22680 .02643 0   0   1   0   0   0   0   0   0   0   0   0   0 
 806    775.7 22770 .02579 0   0   0   1   0   0   0   0   0   0   0   0   0 
 806    775.7 22770 .02579 0   0   0   0   1   0   0   0   0   0   0   0   0 
 806    775.7 22770 .02579 0   0   0   0   0   1   0   0   0   0   0   0   0 
1198   3084.0 48150 .05714 0   0   0   0   0   1   0   0   0   0   0   0   0 
1198   3084.0 48150 .05714 0   0   0   0   0   0   1   0   0   0   0   0   0 
1198   3084.0 38000 .05714 0   0   0   0   0   0   0   1   0   0   0   0   0 
1198   3084.0 31000 .05714 0   0   0   0   0   0   0   0   1   0   0   0   0 
1198   3084.0 31000 .05714 0   0   0   0   0   0   0   0   0   1   0   0   0 
1198   3084.0 32240 .05714 0   0   0   0   0   0   0   0   0   0   1   0   0 
3000  12192.0 84590 .16002 0   0   0   0   0   0   0   0   0   0   0   1   0 
3000  12192.0 84590 .16002 0   0   0   0   0   0   0   0   0   0   0   0   1 
 312    220.0 11370 .01964 1   0   0   0   0   0   0   0   0   0   0   0   0 
